# name, begin_time, end_time, other_time, period
# addition info:
# ID, building, room, teacher, group
形式语言与自动机
1 8 00
1 8 45
1 7 50
1
# addition
0
17
N206
教授A
720541853

形式语言与自动机
1 8 50
1 9 35
1 8 45
1
# addition
0
17
N206
教授A
720541853

毛泽东思想
1 9 50
1 10 35
1 9 40
1
# addition
1
17
N309
教授B
849231995

毛泽东思想
1 10 40
1 11 25
1 10 35
1
# addition
1
17
N309
教授B
849231995

计算机组成原理
1 13 00
1 13 45
1 12 50
1
# addition
2
18
S108
教授C
663926194

计算机组成原理
1 13 50
1 14 35
1 13 45
1
# addition
2
18
S108
教授C
663926194

计算机组成原理
1 14 45
1 15 30
1 14 35
1
# addition
2
18
S108
教授C
663926194

计算机网络
2 9 50
2 10 35
2 9 40
1
# addition
3
17
N215
教授D
361278361

计算机网络
2 10 40
2 11 25
2 10 35
1
# addition
3
17
N215
教授D
361278361

计算机网络课程设计
2 15 40
2 16 25
2 15 35
1
# addition
4
9
一楼会议室
教授D
663116194

计算机网络课程设计
2 16 35
2 17 20
2 16 25
1
# addition
4
9
一楼会议室
教授D
663116194

数据结构课程设计
3 8 00
3 8 45
3 7 50
1
# addition
5
17
N108
教授E
456789123

数据结构课程设计
3 8 50
3 9 35
3 8 45
1
# addition
5
17
N108
教授E
456789123

毛泽东思想
3 9 50
3 10 35
3 9 40
1
# addition
1
17
N309
教授B
849231995

毛泽东思想
3 10 40
3 11 25
3 10 35
1
# addition
1
17
N309
教授B
849231995

计算机网络
4 9 50
4 10 35
4 9 40
1
# addition
3
17
N215
教授D
663926194

计算机网络
4 10 40
4 11 25
4 10 35
1
# addition
3
17
N215
教授D
663926194

体育课
4 13 00
4 13 45
4 12 50
1
# addition
6
3
运动场
教授F
567891234

体育课
4 13 50
4 14 35
4 13 45
1
# addition
6
3
运动场
教授F
567891234

面对对象程序设计
5 9 50
5 10 35
5 9 40
1
# addition
7
17
N303
教授G
678912345

面对对象程序设计
5 10 40
5 11 25
5 10 35
1
# addition
7
17
N303
教授G
678912345

形势与政策
5 13 00
5 13 45
5 12 50
1
# addition
8
9
307
教授H
789123456

形势与政策
5 13 50
5 14 35
5 13 45
1
# addition
8
9
307
教授H
789123456
